294351816418
294453066275
294453072910
294487715694
294487783581
294490685498
294490699595
294545255362
294545275700
294568742117
294572777783
294572779345
294572827834
294572839571
294572841309
294572843176
294574830507
294574844327
294575754087
294578030771
294578033682
294578069251
294578071802
294578089376
294578090986
294585062281
294585071349
294585080476
294585088632
294585111721
294585114728
294585164083
294585168219
294585207737
294585211491
294585783617
294585800415
294585841284
294585850549
294585862513
294586061797
294586080359
294586128386
294586569146
294586570983
294586583262
294586593891
294587881992
294587904611
294587921260
294587937460
294587942549
294587964304
294587978794
294588267186
294588287193
294673889006
294683956718
294695646028
294733185196
294802172727
294802700997
294870212266
294872873731
294872875708
294872882221
294872891357
294899976250
294900767023
295037646723
295097366098
295097370061
295097383893
295097386262
295097387465
295097398879
295097417090
295097420311
295097421352
295097437515
295097499239
295097513264
295150819273
295233789990
295320488407
295335915393
295391700893
295395157584
295395161331
295395181884
295395184020
295395191074
295395192078
295430101364
295462511568
295484812945
295484813318
295505758418
295525753946
295574304381
295575081919
295591170228
295591175824
295591177102
295591177457
295591180170
295591182123
295591194441
295591196655
295615427174
295620595040
295620597259
295620623151
295621457481
295621476363
295623930906
295624127363
295624127740
295624133007
295624140527
295625572196
295629731842
295633160200
295633186331
295636512314
295637242267
295639344031
295639573353
295639576754
295639582168
295647075251
295648825381
295649616801
295649619201
295649620510
295649621250
295649705474
295649785315
295649802836
295649827643
295650388265
295660387564
295674755256
295674760352
295674831957
295674873196
295674875677
295674962331
295674969123
295675144722
295675148178
295675152065
295675164046
295675187989
295675252136
295675282356
295675287490
295675421424
295675423335
295675431490
295675433412
295675440465
295675455297
295675457115
295675459042
295675461465
295675462092
295675464936
295675470691
295675483903
295675489089
295675495928
295675556636
295675594917
295675625672
295675633646
295675646308
295675650798
295677131138
295677154461
295677156186
295677158351
295677178911
295677182263
295677190876
295677194631
295677214500
295677525466
295677544465
295677549151
295677554736
295677782986
295677790391
295677799617
295677803568
295677808070
295677827786
295677847918
295677860395
295677864692
295677952328
295677954636
295677956568
295677958940
295677971883
295677975916
295679179816
295679187104
295679188390
295679199359
295679210964
295679216454
295679224543
295679227498
295679246458
295679247183
295679249323
295679250691
295679251589
295679252950
295679255492
295679258962
295679263981
295682429547
295685322659
295689179270
295689183906
295696135491
295707905372
295777648005
295779975514
295781776846
295797953724
295798723073
295837639434
295901471683
295901481614
295901489545
295901669250
295901683429
295901694512
295901701316
295901715476
295901745691
295901747796
295901751482
295903059026
295914955814
295924614722
295924615645
295924616483
295924617120
295924617399
295924618749
295924621476
295924622581
295924623332
295924626057
295924626755
295924627462
295924628497
295924629688
295924631545
295924632530
295924634745
295924635456
295926333842
295926343968
295934838970
295935252023
295939549274
295959947704
295959953153
295959961655
295959972364
295974931052
295974943441
295975154000
295975166749
295975174737
295975187826
295975192786
295975196370
295975211762
295975222508
295982140292
295987134990
295987147294
295987158094
295996436582
295996437892
295996438278
296002880808
296029706885
296029713423
296029729906
296029731237
296029731793
296029733242
296029736673
296031333888
296031378259
296031532148
296031533809
296031893325
296031982347
296032015063
296032017337
296036004006
296036081228
296037086933
296037111480
296037112132
296037112483
296037112770
296037113429
296037113759
296037114732
296037169029
296037172244
296037901618
296037902277
296037911130
296037916500
296052176689
296061129132
296115665452
296126232130
296137879842
296138589257
296138589495
296151297897
296185992594