275002267229
275002267231
275002267252
275002267263
275002267266
275002267274
275002267275
275002267278
275002267280
275002267281
363595421644
363595421646
363595421648
363595421649
363595421650
363595421653
363595421655
363595421664
363595421665
363595421670
363595421673
363595421679
363595421682
363595421685
363595421686
363595421687
363595421697
275002267284
275002267291
275002267300
275002267303
275002267308
275002267309
275002267312
275002267316
275002267317
275002267324
275002267332
363595421694
363595421701
363595421702
363595421706
363595421709
363595421710
363595421713
363595421717
363595421718
363595421720
363595421724
363595421725
363595421729
363595421731
363595421733
363595421740
275004334472
275004334472
275004334472
275004334472
275004334472
275004334472
275004334472
275004334472
275004334472
275004334472
275004334472
275004334472
275011263679
363605909625
363622202868
363622202871
363622202873
363622202877
275028033686
363624315206
363624315207
275032440310
275034879238
275034881480
275034881482
275034881483
363628389370
363628389373
363628389374
363743200683
363743206372
275183715964
363743304467
363743309078
363743315288
275183928385
275184210757
363743639207
363743642224
275184230701
275184237212
275184248217
275332278922
363930154141
363930156926
363986754833
363986758523
363989343746
275471897606
363989964415
275524062564
364069691867
364187095009
364187103598
275751097892
275751757255
275752579286
275765164333
275765164803
275765165332
275765165705
275765166272
275765166768
275765167071
275765167455
364198609653
275765168490
275765169619
275765170530
364198613979
275765172368
275765172639
275765173071
275765173361
364198616950
275765175726
275765181378
275765182552
364198624666
275765191386
364198628870
364198629197
364198629460
275765197689
275765202998
364209707354
275781528831
275781872288
364210060441
364212703106
275784865223
364212708158
275784869936
364212806389
275784989104
275784995709
364212816404
275785997871
275786000249
275786001755
275786003727
364213797351
275786033266
364213834863
275786040619
275786042209
364213844081
364213846044
364213854617
275786058579
275786063304
364213862423
275786071151
275786073445
275786079647
364213876394
275786084086
364213994465
364213995696
364213996864
275786250295
275786255143
364214007138
275786459504
275787002118
275787657870
275787674552
275787683797
364215098032
275787693826
275787729152
364215133376
364215145923
364215909972
364215921022
364215935454
364215937750
275790302873
275796015945
364220283757
364220458522
275796590584
275798685462
275801275688
275803873016
364223974739
364224045131
275807206262
275810893179
275810896817
364228827887
364228830499
364246033923
275836422768
275836426442
275836427707
364246046390
364246065619
364246242899
364246245400
364246246305
364246247408
364246248700
364247264517
275838188636
275838196192
275838199447
364247277360
364247282701
364247285301
275838226935
275838229286
275838233390
364247297983
364247299057
364247301735
275838244073
275838245622
275838248151
275838250981
364254735028
275850009341
275850009341
275850009341
364257009480
275850273958
364257040671
364257048040
275850281510
364257049700
364257050472
275850288003
364257053564
364257054492
275850295460
275850296397
275850297686
275850298491
275850300891
275850302046
364257065799
275850304791
364257081947
364257094757
275850311966
275850313418
364257104227
364257184443
275850435174
275850435615
364257187490
364257188336
364257189021
275850438843
364257189918
275850440555
275850442297
275850445571
275850454782
364257200823
364257204625
364257219054
364257219509
364257222283
364257225143
364257226152
275850492411
364317638502
275974928056
364441152247
364443984598
364448763921
276030416944
276030425128
276030507918
364460131288
364460219875
276030888454
364460759143
276034985838
276036805593
364470649345
364470653056
276039375121
364470658436
364470658938
276039378464
364470663574
276039486276
364471719962
276040216231
276040217346
276040218834
276040242728
276040246267
276040248642
364471789538
276040253978
276040257435
364471803459
364471806335
364471807780
276040983599
276051673058
364484597997
276056598156
276056608685
364489763072
276056624481
364489783511
276062397640
276062420312
364495537523
364495547033
276062452305
364495614135
276062498365
276062669393
364495799436
276062685209
276062690026
276062700580
276062705724
364497520781
276064343841
364497528050
276064353411
364497552679
276064378584
276064406580
276064413687
276091109867
276110226727
276116798988
276116801697
364543787921
364543801157
276117478049
364566340313
364566462700
364566463230
276151261928
364566639747
276151322791
276153361524
364568189530
364568194280
276153442316
276153443028
364568284888
276153448019
364568289244
276154156286
364568760338
276154195158
364568763939
364568764369
276154196791
364568765153
276154198009
276156049200
364570349195
364570351991
276156098863
276156115074
276157942426
364571738173
276157952463
364571794186
276157983824
364572175119
364572175500
364572176199
364572593358
364572619568
364572622749
276159106746
364572636969
364572648257
364572654382
364572662172
364572670516
364572673594
276159189277
276159203782
276159204316
364573175269
364573179347
364573181320
276159708370
364573225259
276159718257
364573235356
276159733202
276159733518
276159736427
364573522291
364573530810
276162805217
364592313792
364592319915
276183510383
276183529955
364592325714
364592328678
276183549727
276183553003
364592336699
364592339712
364592342848
276183568324
276183569958
276183573710
364592351752
364592354232
364592355177
276183581801
276183583803
364592360269
364592362324
276183588207
364592364651
276183591862
364592368835
276183594213
364592373224
276204342981
276285876760
364680384027
364680388295
276348818522
364748382765
276348830259
276348879554
276348883909
364751247034
364751248202
364751262703
276351374858
276351375974
364751462612
276403494143
276403495397
364816231306
276403632297
276403640710
364816249172
276403742686
364816346716
364816349602
364817183234
276409111887
364865757011
364865897215
364865919230
276443769989
364867633396
364867654700
276445138143
364867698412
364867699186
364867710460
276445178800
364869263261
276446302436
276446309469
364869284429
364869291741
276446339485
276446860927
276446862629
364870113708
276446945261
276448303893
364872076916
364875226549
364875238251
364875258599
276490267994
364923161736
364923190495
364923198217
276491995322
276492013966
364925938720
364925943354
364925948148
276492530123
364926021301
364926025829
276492548890
276492551922
276492552471
276492558802
364926046173
364926047562
364926055396
276492582863
364928628486
364928641440
364928644243
364928645106
364938494769
364952706282
276515624958
364958583841
276517005858
364960627460
276527544099
276532602909
276533898806
364985912259
276535328009
364991273129
364992423117
276560129138
365024781612
276572456380
365062259904
365062272822