404162553977
404257794392
404295858636
404295864947
404295872974
404295880841
404296343243
404297841679
404297851289
404297888236
404297925528
404298065729
404298070496
404298085565
404298090787
404298205311
404298206193
404298213503
404298220035
404298223866
404298230370
404298232819
404298250664
404298257374
404298265857
404298272966
404298536479
404298550173
404298564515
404299024889
404299041558
404299061979
404299083981
404299093750
404299157688
404299427668
404299433352
404299565416
404299570226
404299577671
404299584255
404299588854
404299744222
404299760514
404299767319
404300337162
404300352070
404300368671
404300377536
404300382806
404300388417
404308278555
404308286410
404308294086
404308306430
404308320353
404308328876
404308331106
404309780959
404309781473
404309786388
404309802934
404309809303
404310297329
404310311330
404310314993
404310319895
404311176043
404311187961
404311199041
404311203998
404483054906
404483057145
404483058357
404483059819
404483062081
404483064816
404483066385
404483068100
404483069237
404483070561
404483076156
404483077341
404483078369
404483079686
404483080446
404483082208
404483085378
404483087188
404483091133
404483094526
404483097443
404483101209
404483103108
404483105737
404483110353
404483111815
404654637727
404951615900
405059892623
405076423016