202134289254
202134289254
202134289254
202134289254
202134289254
202423677495
202483922598
362490446579
202537779785
362510628970
202539522782
202549316733
202549316733
202549316733
202549316733
202549316733
362519202389
362519214986
362519235475
362519281239
202549497817
202549538780
202549542711
362519347180
362519348839
202549563848
362520095625
202550141007
362520125888
362520147002
202550205226
362520171693
202550222161
202550253131
362520235421
362520235421
362520235421
362520235421
202551123804
202552872156
362522319814
362522355595
202552945023
202552953122
202552959415
362522377894
362522382022
202552981964
202552984298
202552992047
362522430093
362522431503
362522471300
362522480359
202553091186
362522483513
362522485334
202554867801
202554867801
202554867801
202554867801
202554881202
202554881202
202554881202
202554881202
202554881202
202554881202
202554881202
362523875014
362523875014
362524145080
362524145080
362524145080
362524145080
362527953136
202586059349
202586059349
202586059349
202586059349
202586059349
202586059349
362556346193
202606226237
362566255339
362566273697
362567073464
362567075781
362567084849
362577772716
202620541601
202661484902
202661485922
362635950050
202665224090
362637279380
202671594227
362660622210
202689340571
362663704433
362663711152
202696276047
202696281031
362680184445
362680213132
362683956183
202726226724
362693758761
202729346452
362696250273
362696254030
202734286342
202735720565
362702535821
202739633730
362706215252
202739636729
362706220162
362706222685
202739638775
202739640855
362706958004
202740332432
202740385543
362707009692
362707018831
362707031923
202740633571
362707556843
202741184596
362707769626
202745035437
202748122435
202749214192
202753184999
362727810011
362729117486
202758997101
362732693136
202761341603
362736219328
362736219328
362736219328
202764048690
202764048690
202764048690
362736268086
202764091186
202764093060
202764161757
202764171799
202764176683
362742285388
202769378934
362742333503
362742347841
362742347841
362742347841
362742347841
362742347841
202769735609
362742714082
362742714082
362742714082
362742714082
202769745963
362742718248
202769761124
362743937510
202772068910
362745304030
202772075761
362745327335
362745340007
362745340007
362745340007
362745340007
202772086646
202772086646
202772086646
202772098418
202772100098
362748320641
202774642816
362754982037
362770647963
362772273824
362774380479
362793104823
362793107852
362793113759
202817795901
362806521159
362828885786
202866306825
202866306825
202866306825
202866306825
202879085945
202879085945
202879085945
202879085945
202879087968
202879087968
202879087968
202879087968
202888476228
362894733373
202888514770
362895065448
362897279087
362897362680
362910004090
202902591393
202912634071
202915884967
202918829736
362934246533
362934941900
202924567340
202924568038
362936435576
202924576468
362936438244
362941482602
202959775246
202960797048
202960797766
202960801380
202960827811
202961371713
202961390269
362967283896
202961470026
202961470902
362967292948
202961573836
362968215865
363008188849
203007189991
203026970914
363030668710
363030686212
363030697101
203031199024
363031220227
363033695161
203033774171
363034538752
203039836277
363040328661
203051867979
363051330106
363051332896
363068034887
203072711907
203072711907
203072711907
203072711907
203072711907
203085691326
363084381485
203085819920
363084482392
203085829720
203085832098
363085359723
363096687813
203098852674
363096703642
363097591950
363097593606
203099686770
363097676838
363100697550
203113965326
203121763222
203122586676
363126241379
203124278553
203126817801
203127384047
203127921267
363129720855
203127952049
203153235682
363179342879
203180734200
363181648671
363182669522
203185046174
363189319956
363210454365
363217372382
363217381340
363217393362
363217687891
203216774130
203216788817
203216809774
203216816474
363217747598
203224220860
203226315275
203229626089
203230259231
363235195869
203230274951
363237452240
363237457267
203232091466
363237691560
363237714134
203232250358
203232414468
203236095311
363253969328
203244406156
203248936288
203249859609
203250368912
363262653385
363269051416
363269121931
203256944857
363269135161
363270026749
363270028757
203257640006
363270034041
363276489876
203264731223
363293816493
203283382437
203283791086
363303291622
203292417109
203322445169
363336286390
363344186174
203335445778
203339471043
203348442944
363364415416
203444981359
363398990923
363402902997
363404438711
203483087910
203522258421
203522392354
363465544457
203522655268
203522679103
363465627379
203522733667
203523193236
203524756498
203535197537
363480230238
203535434956
203535434956
203535434956
203535434956
203535434956
203535434956
203535434956
203535434956
203535434956
203536042066
203536052162
363480928272
203536087847
203536097739
203536401755
363481345705
363488460216
363488502913
203545233008
363490287858
203553058177
363498140949
203584352341
203613749951
203622309445
363552482242
363553467177
203624415742
363553471318
203624422650
203624425330
363555518170
363556322374
203627870846
363559531874
203687990203
203709402081
203709410080
363630129669
203726300078
363637843909
203726832940
203751042722
363660230009
203762531109
203765231593
363710750964
363726751081
363785707605
203950281813
363850570842
203966188845
363854532286
203975558832
363859747502
203977145577
203977150055
363860936218
203977185206
363863076850
363870992866
363872663333
203993229715
203993235103
203993236816
203993238217
363878804793
363878815772
204000399889
363879230066
204000892334
363879236382
363879244163
363879245970
204001773979
204002015470
363903544441
363903545158
363903548889
204058932548
363931369141
363931386010
204061513892
204067029326
363970075189
363989845210
364036767336
204148329415
204200850436
364094828392
364119707892
364119708579
364119710231
204222042348
364132486519
204233980117
364137571780
204243954657
364189437413
204280609723
364197006962
364197008643
204295237986
204300387167
204300388805
364227250496
204313259274
204313261009
204313274464
204313316447
364229080427
364229081380
204313462437
364229253299
204313470404
364229259247
204314236803
364230000468
204317018555
364240352730
204329877003
364248921689
204329879519
204329880992
364261165417
364261166372
364261167450
204339474350
364261169548
364261172746
364261173725
204339477896
364261176612
204339480061
364261179658
204340116614
364261935625
204340120238
364261945188
364261947711
204340122861
204340124199
204340125883
364261971049
364261973991
364261980490
364261983972
204340130374
364261990855
204340132385
204340138312
204340140807
204340141671
364262034886
364262041176
364262055170
364262059836
204340156661
204340196385
364262360118
364262361510
204340325826
204340342379
364262371431
364262372584
204340351534
364262374521
364262388699
364262462887
364262486922
204340459734
204340461719
204340465706
204340466973
204340479718
204340480512
204340486870
204340488538
204340491735
364262597030
204340492981
364262608420
204340503117
204340504124
364262613337
364262614826
364262622543
364263435980
204341130571
364263441971
364263444236
204341132943
204341144590
204341145255
364263525575
204341160735
204341163958
204341175075
204341289843
204341387108
204341390761
364263833635
364263836095
204341397145
204341398102
364263842516
204341402654
204341404999
364264660189
364264669465
204341945719
364264696775
364264697169
204341965293
204342117226
364264861587
204342126639
204342134561
364264886914
204342145770
364264919121
204342169913
364265008065
204342178766
364265023088
204342181672
204342185432
364265037165
204342189191
364272476093
204347431398
204347433047
204347437682
364272511777
204347443734
364272558679
364272565385
204347451817
204347453877
364272623266
204347563411
204347565005
364272833846
364272847510
364272848966
364272851644
204347627547
364272864323
204347636745
364273647608
204348215733
204348216872
364273653116
364273656591
364273657881
204348220116
364273661639
364273664460
364273668263
364273669969
204348225416
364273673699
204348227565
204348228549
204348229514
364273682087
364273857478
204348377456
204348378478
204348379129
364273868258
204348386085
364273882096
204348389640
364273898303
364273902622
364273913801
204348401746
364273919774
364273924713
204348406418
204348407413
204348411583
364273941905
364273945887
364273951799
204348420755
204348425143
204348426706
204348427428
364273973645
364274027615
204349541335
364275458365
364275468327
364275471927
204349549276
364275478935
364275486626
204349558412
204349593116
364275604354
204349704290
364275727536
204349707147
364275730707
364275734599
204349770470
204349771120
364275796945
204349772216
364275798881
204349773487
364275802591
204349776333
204349777117
204349778408
204349781351
364275817918
204349784234
204352309507
364278903162
364278914054
364278936134
204352365132
364278966581
204352380656
204352381953
364278996135
364279145618
364279183556
364279207986
204352552157
204353287266
364280183752
204353289219
364280204658
204353309266
364280233697
204353319118
204353350195
364280992162
204354126571
204354128872
364281591589
204354135816
364281604348
364281654899
204354191928
364282060654
204354392444
364282064844
364282098322
204354421629
204354424246
364282908949
204355067313
364283035725
364283039137
364283041289
364283043454
364283044909
204355075676
204355078288
364283055287
364283056285
204355096915
204355097948
364283074261
364283083471
364283084905
364283087638
204355114944
364283092893
364283095351
204355123476
204355125031
204355125541
364283105172
364283108499
364283110005
364283112382
364283113599
204355138081
364283117274
204355143156
204355144886
364283133507
204355154719
204355156183
364283141551
204355195856
204355196288
204356239172
364284591035
364284615883
204356330011
204356389909
204356392023
204356393800
364284777234
204356407859
364284959812
204356495343
364285030596
364285031213
364285033425
204356564735
364285056363
204356576697
364286012264
364286015747
364286017741
364286065739
364286068407
204357277388
364286077946
364286080976
204357284701
204357285606
364286087143
204357288715
364286089761
364286090278
204357293324
204357294333
204357302549
204357303327
204357308542
364286114733
364286115827
364286116610
204357313909
204357315813
364286125386
364286126626
204357320277
364286484357
364286487686
364286490114
204357517879
204357518686
204358044241
204358045039
204358046586
204358169969
204358172692
204358173501
204358175662
204358176536
204358177583
204358178804
204358182158
364287492895
204358590166
364288189129
364288191115
204358607318
204358608312
364288196535
364288209356
204358614797
204358615651
364288216018
364288217873
364288219887
364288221279
204358628362
204358629363
364288229843
204358630805
204358631937
204358633022
364288235626
204358639398
204358640593
364308790830
204371050521
204379896653
364325186158
204385665480
204386107747
204387407454
204412838952
364387616140
364409072209
204430713877
204434727154
204435621743
364442844404
364444965944
204441859830
364458024093
204457854929
204472296668
204481317144
364553442516
364559626937
204547557791
364588801145
364588807783
364590505912
364590540980
204548702773
364590594817
204590254506
364648335973
364665465174
204618751922
364711553503
364715526614
204642213603
364723644577
204648195034
364732265742
364739594729
364764642767
364771393891
364771839282
204684121874
364789294862
364789730113
204695916112
204697843854
204710653585
204715704730
364813862571
364813869132
364813872058
364813872633
364813887305
364819135672
364819157814
364826866574
204730703231
364831211742
204731859916
204731861642
364837083113
364837713429
364842981999
364843009438
364843018019
204744349182
204744352400
364857078441
204760854889
204760856949
204760865852
204762780559
204768898836
204768909343
364865722730
204769060577
204769065146
204770950165
204771384068
204776069735
204778245147
364882439903
364896967768
204801285221
364913906902
364913914639
364913918630
204805228659
364917982321
364923114564
204826316038
364939692593
364941432761
204827944191
204827951461
364941503694
204827969743
204827991874
364941552728
364943965915
204829791018
364945430946
204830996397
364946092063
204831544222
364946119714
204833343985
364949303437
364954588130
364963674053
204846748211
204861024262
204865752377
204867888799
204868465161
204868591755
204870757899
204870775357
364990183930
204870782117
204870800010
364991130049
204871627070
364991170224
364991200507
204871690825
204871693370
204878255663
204878263822
204880717031
365001686100
204880821604
365001718118
365001763438
365008111641
365008115054
365008794366
365008809814
365013046243
204891131539
204893617161
365015673213
204897306847
365023060196
365038784224
204920360695
365047091371
204923230989
204929551051
365055739394
204931872875