274275516103
274275516114
283787161134
283792289159
274283094695
283792297901
274283105987
274283881865
283801242786
274328511152
283838344936
283838352765
274328617731
274328634671
283838389524
283838391627
283838410549
283838412484
283838415041
274328676880
283838440892
283838443750
283838450139
274330228050
274330232873
283840324104
283843052851
283843410990
283843453648
283843474282
283844948936
274334405253
274334461331
274334467536
274339178074
283849998628
283851821739
283851825151
274340779377
283851989045
283851998684
274340931825
274340937702
274340952430
283852039275
283852623636
274341443764
283852645184
283852652775
283852675818
274341500836
283852725695
274341548715
274347218291
283858581937
274347309626
274347406187
283858771296
283859019130
283859443564
274348038593
274348044385
274348070703
283859480836
274348087932
274348094208
274348100386
283866034859
274354540046
283866059056
274354557601
283866064013
274354566943
283866074636
274354573037
274354583490
283866090353
283866093140
283866100728
283866105701
283866108701
274354614365
274354986878
274355022272
274355027946
274355083378
274357606133
274357626222
274357631022
283869476739
274357656029
283869953249
274358149313
274358156952
283869973953
274358179872
283870438435
274358617061
283870445407
283870449672
274360803217
274360825077
274396653334
283913626375
274396659399
274396663983
274396697801
283913700637
283913703058
283913704264
274396739816
283913729943
283913773054
274397645878
283914804358
274400593945
274400596914
274401176598
283920369334
283920730926
283920737024
283920741247
283920820320
274403031479
274403035083
274403059535
274418920008
283951866433
274431476874
274431481518
274431499607
274460683150
284009524018
284009545767
274493418469
284010308836
274493421009
284010330686
274495169500
284012090723
274495173796
284012098193
284016999436
284017000542
284017001543
284017003085
274500552523
284017217293
284017477437
284017478613
284017492486
284017532938
274501146182
284017538344
274501155666
274501262272
274501286809
274501294925
274501366152
274501808808
284018085275
284018086463
284018473084
284018503274
284018506880
284018713268
284018721051
274503036963
284019166191
274503041334
274503043628
284024382223
284024950388
274509830155
274510066447
284025210867
274510353678
274624134534
284127011233
284127020732
274634253182
274634254108
274634271197
284135679920
274634323160
284135720164
284135739780
284135759046
274634537574
284135878594
274642144744
284142894747
274642301501
274642324797
274642328190
284142931719
274643020037
284143677377
284143702954
284143710807
284143741736
284143792662
284143832101
274820657194
274887399319
284393413903
274897293686
274897293686
274897293686
284438613926
274938102750
274938113000
274938113813
284446548601
274941252226
284448601152
274946094579
274946095294
274946100846
274946105078
274946117954
284451441062
274946121087
284451447072
284452379601
274947278253
284452386057
284452461960
284452468203
284452473481
284452478778
274947337968
274963867192
284468327285
274965695211
274968227551
284470594553
284472112675
284473644747
274977813857
284491102942
284492265749
274988874532
275004463410
284510553186
284512736807
284519404898
275017577624
284519413177
275017588074
284536449191
275035131234
275035158276
275035641772
275035643682
284537609909
275036161335
275036266362
284537754902
275038498266
275038498303
284540113424
275038498304
284542644303
284545847076
275080776787
284585015535
284588200380
275085384308
275086599107
275087677599
275107743403
284640491883
275174870609
275174884714
275174892261
284700911134
275229429781
284729090848
284743926849
284758110226
275264436301
275278171279
275285966143
284784444224
275290800057
284791779953
275293070065
284793170008
284800516611
284803844087
275307720162
284814998012
275315019083
284820376915
284829706195
284833428643
284833430956
275331360856
275339688219
284843816666
275339710159
284843838672
275339898668
275339901135
275339904145
275339982933
275347494263
275347497841
275347506573
275347509783
275347526995
284855107247
284855114590
284862932151
275355790632
275355794672
284863109369
284864521892
284864539194
284864869718
275362791906
275362814448
275363947192
275372587152
284882372202
275376750854
284891903264
284894562959
275384294898
284909877133
275401727128
275409597596
284919246602
284919247587
275409649863
284919301916
275409654812
275409935824
275409998873
284920451305
275412171985
275412632049
275412634240
275412635756
275415431878
275415464375
284931957676
284939284055
284954050707
284954060994
275448606652
275450766935
284979055879
284980018925
285028714849
285028722804
275529515360
285045880252
285067934040
275594688858
285092644370
275598781330
285092649503
275598783691
275609920402
275623409183
285114114907
275631575153
275632161102
275632165864
285114445149
285114446409
275632169347
275632174283
275632180361
275637199931
275641811477
285120075057
275642534316
285130827315
275660546650
285144361849
275715261907
275735814994
285191620230
285191626721
275750753850
275750757043
275750760922
275750763445
275750776751
275750782748
275750789218
275750824404
275750991782
275751106616
285192070433
285192803957
285192880771
285193567361
275752385428
285193589272
275752406617
285193600984
285193790234
285204592654
275780975928
275780977375
285227065652
275784661393
275784664294
275784667402
285227730047
285227737920
285227903900
285227921107
285227926296
275786226083
275786227394
285229213454
285229214572
275786233588
285229311755
275786378466
285229344675
275786383567
285229356624
285229373948
275786436912
275786856503
275787288956
275787332839
285230384924
285231086125
275788511848
275788513982
285231093262
285232973342
285235587192
275796572387
285237310397
285237310888
285237311202
275798718074
285238664996
285238665559
275798834321
275799063661
285240349018
285240352284
275801234983
285241816807
275803524312
285241915437
285241918167
285241919468
275804026727
275804043257
275807172491
275807210728
285243617814
285243813239
275807698552
275807704300
275807716454
285246202231
275812636961
275813031476
285248193404
275813044031
285248255643
285248270470
275813243838
275813672802
275818003207
285253679665
275818005657
285253686888
285253690039
275818013553
275818034690
285253727586
285253729433
285253760821
275818063469
275818064383
275818065450
285253769577
285253771207
285253779755
285253782899
285253785352
285253786732
275818084853
285253792104
275818095712
285253806124
285255536706
285255537556
285255575714
285256416431
285256817933
275821059956
285256910435
275821154745
285256991686
285267996670
275839992701
275840000721
275842092009
285280744803
275865483458
285317243042
275887600205
275890335759
285319690906
285319691714
285319693729
275890348749
285319695809
275890349511
285319702583
275890351973
275890354269
275891701850
285320817135
285320826450
275891727216
285320836475
285320838059
275891732872
275891755621
285320870824
275891758328
285320872790
285320874531
285320881711
285320897789
275891776510
285320903461
285320906501
285320913261
275891781525
275891782413
275891783941
275891785111
275891793193
275891793754
285321811099
285321814322
285321839810
285321855664
285321857056
285321863743
275892826551
275894982291
285323652611
275894984776
275894985964
275894987221
285323665636
285323667218
275895157731
285323808350
275895161338
285323810822
285323811910
275895164968
275895166647
275895169730
275895171365
275895173115
275895176059
275895193760
285323834611
275895197989
285323836789
275895199218
275895200017
275895200960
285323840974
275895206093
285323849790
275895218245
275898742864
285330618996
285330624610
285330625939
275903072617
275903073211
275903076556
275903078408
285330641311
285330647629
275903088283
275903092830
275903097592
285330667233
275903107257
285330700187
275903157632
285330910542
275903372061
285330952128
285330955752
285331037324
285331038022
285331049533
285331052404
285331063977
275903552433
285331083918
275903567034
275903575894
285331108323
275903579689
285331117764
285331127752
285331129118
285331139147
285331145691
275903619314
285331155463
285331175503
275903657802
275903667046
285331368040
275903842441
285331369856
285331372340
275903851457
275922906095
275930174906
285361094329
285370506402
275987210108
275996725844
275997413749
285439392872
276011385627
285449275331
285449285637
276018316515
276020409853
285457470940
276027501781
285460110229
276033406855
276040718370
276040727505
285468580637
276040757052
285476757664
276066067066
276078923331
276091477577
276099544629
285527066523
285527436882
285527444129
276115832151
285527472836
276116796264
276117301080
285528545096
276117357195
276117362829
285528605313
285541129966
276150988871
276150992986
276151023322
276151025742
276151049528
276151050554
276151057149
276151057853
285547149405
276151102241
276151104049
276151106076
276151107521
285547190112
285547199892
276151141884
285547201486
285547204127
276151158415
285547207172
276151161164
276151175762
276151202283
276151228702
276151232844
276151235047
276151237030
276151654065
276151678960
276153382856
276153384322
276153558424
276153981803
276154170164
276154178551
285548835597
276154181967
276154182281
285550164922
285550169550
285550445086
276156712071
276157931490
276157991527
285551373644
276157993761
276157998999
276158100443
276158101744
276158549947
276159052254
276159054208
276159066947
276159068821
285552230491
285552231315
285552253380
276159215241
285552345037
276159217515
285552347810
276159636153
276159641592
285552936609
285552937177
276159686579
276159696829
276159698420
285552951068
276159703413
285552951632
276159730707
285553186118
285553202339
285553203434
285553204144
276159960950
285553215245
285554659773
285554873267
285554882648
276162655117
276162671377
285555833646
285556342867
276164669911
285556358020
285556374796
285556377307
276164697089
285556387602
285556986745
276165553029
276181415781
276181422197
285570136253
285592737159
276213645982
276215580071
285600895237
285622425565
276251621973
276252293264
285632047922
276258175906
276272380193
276280963001
276284655932
276294454793
285689017451
276324277102
285694304160
276337098382
285712338709
285713908012
276351189505
285728715851
276351219168
276351382050
276351413717
276351421129
276351756598
285729559155
276352894633
285735406040
276360792114
285747912122
285781418087
276403040295
276403041477
276403047876
285789006523
276403100742
285789010484
285789012855
276403106515
276403166401
285789775940
276403843801
276403845717
276404382480
276406053701
285792288401
276409222949
285803895451
276440663870
285849575971
276467021344
285860867937
276470725238
276484765943
285883497011
276492017300
276494607108
276494616288
285898948963
276506902208
276507312267
285907396433
276508763677
276514376726
276515658463
276515660053
285917815382
285920971556
285921778031
276520124297
285923238347
276523543281
285927101323
276526881188
285931180296
276528252771
276528291879
276528550676
276528611193
285932344542
285936305308
276532598879
285937840924
285937844522
285937872420
285938814135
285943725077
285945715471
285956435998
276558425955
285972362050
285983312655
285988195189
285996821917
285996830432
285998319510
276591405549